./test_imgs/DSC_9813.JPG
3696 0 492.5 0 3696 326 0 0 1 
0.358581 0.0163721 0.933355 -0.0926626 0.995532 0.0181367 -0.928888 -0.0929906 0.358496 
-0.883587 -0.0229395 0.467704 
-0.0170677 -0.0624824 0.922929 360.432 24.8968
-0.00649692 -0.0579805 0.934047 424.08 39.4023
-0.0333996 -0.0369696 0.913786 299.707 147.488
-0.0203026 -0.0336524 0.919168 341.325 155.055
-0.031002 -0.0311183 0.916374 314.327 172.313
0.00898461 -0.0239636 0.955925 545.163 186.799
0.0154415 -0.0177443 0.962584 585.317 212.466
0.0154415 -0.0177443 0.962584 585.317 212.466
-0.0155265 -0.0579026 0.924669 370.393 44.5163
-0.013554 -0.0561443 0.926749 382.307 51.342
-0.0121691 -0.0555994 0.928231 390.742 53.0664
0.00366145 -0.0535703 0.944583 485.549 53.9028
0.022448 -0.0188213 0.96905 625.399 204.435
0.0296916 -0.0137401 0.975995 668.988 224.791
0.021636 0.0148774 0.968834 626.082 360.643
-0.00366288 0.0274405 0.936084 443.08 425.716
0.0352142 0.0523275 0.97954 701.385 532.525
0.0346206 0.0655803 0.979544 701.603 595.433
0.00256494 -0.0550225 0.943649 479.666 47.9578
0.00282203 -0.0271789 0.943652 482.148 173.998
0.0213375 -0.0190211 0.968475 620.905 204.069
0.0225782 -0.0155769 0.969653 628.507 219.399
0.0196794 -0.0139615 0.966987 612.01 228.086
0.0243056 -0.0126748 0.971734 640.837 232.116
0.00985433 0.0077693 0.957299 555.131 331.741
0.0335595 0.0318015 0.978562 691.88 436.063
0.0612824 0.0350909 1.02917 966.306 444.913
0.0202954 0.0388915 0.968823 625.792 472.752
0.0358499 0.0620694 0.979979 705.518 578.596
0.0372169 0.0642132 0.980552 710.898 588.584
0.0224198 0.0684693 0.969788 636.6 610.806
-0.0398928 -0.0376706 0.907085 262.45 147.314
-0.0055117 -0.0272449 0.934908 431.359 177.361
0.0195592 0.013974 0.966653 612.877 357.118
0.0364615 0.0512182 0.980072 705.998 527.022
0.0364615 0.0512182 0.980072 705.998 527.022
0.0341976 0.0512359 0.979107 697.43 527.562
0.0410731 0.0583757 0.982715 727.272 560.171
0.0319525 0.0622786 0.978434 691.304 580.169
0.0313824 0.0650614 0.978037 688.772 593.417
-0.0193469 0.0691384 0.918741 346.778 620.111
-0.0123711 -0.0534012 0.928119 390.099 63.0242
-0.00485987 -0.0504139 0.936021 435.569 72.6077
0.00318676 -0.0492868 0.944256 483.692 73.5616
-0.00280178 -0.0370785 0.937973 448.073 131.708
0.0337466 0.0111063 0.978149 688.383 338.84
-0.0127804 0.0117063 0.926515 386.674 356.56
0.0291284 0.0222108 0.976191 672.272 392.453
0.0291284 0.0222108 0.976191 672.272 392.453
-0.012648 0.0258633 0.926429 387.389 420.928
0.0375842 0.0594985 0.980703 711.784 566.111
0.0277705 0.0603129 0.975027 668.425 571.576
-0.00508436 0.0638336 0.934929 438.355 593.574
-0.0359368 0.0675512 0.910623 288.033 614.727
0.0368853 -0.0136472 0.978732 694.431 221.588
0.0266686 0.0409443 0.97401 660.085 480.797
0.035129 0.0678061 0.979645 703.257 605.942
0.0347357 0.0215653 0.978625 693.385 387.547
